6.45677 5.602119 6.253829 5.451038 5.872118
6.003887 5.402677 6.40688 6.077642 5.480639
5.958425 5.828946 5.926926 6.124683 5.955837
6.059123 6.47851 6.44572 6.562444 6.647688
6.496775 6.395262 6.529419 6.376727 6.548219
6.401917 6.363028 6.253829 6.33328 6.517671
6.345636 6.09131 7.151485 5.429346 5.043425
5.332719 5.278115 5.56452 5.398163 5.505332
5.568345 5.517453 5.398163 5.560682 6.169611
6.066108 6.184149 6.226537 6.350886 6.22059
6.122493 6.269096 6.669498 6.413459 6.481577
6.907755 6.363028 6.586172 6.36647 5.918894
6.028279 5.446737 5.921578 5.918894 6.246107
5.220356 5.451038 5.420535 5.549076 5.641907
5.587249 5.365976 5.451038 6.126869 5.446737
5.888878 6.511745 6.575076 6.45047 7.200425
6.361302 6.408529 6.146329 6.104793 6.20859
6.934397 6.381816 5.420535 5.347108 5.42495
5.961005 5.298317 5.433722 5.501258 5.298317
5.398163 5.602119 5.407172 5.575949 5.525453
6.198479 6.383507 6.139885 6.490724 6.507278
6.315358 6.361302 6.535241 6.57368 6.96319
6.424869 5.998937 6.421622 6.317165 6.440947
5.736572 5.802118 5.572154 6.016157 5.525453
5.433722 5.583496 5.375278 5.755742 5.598422
5.420535 5.758902 6.505784 6.388561 6.892642
6.552508 6.42972 6.206576 6.921658 6.142037
6.206576 6.569481 6.363028 6.150603 6.282267
6.70196 6.867974 5.68358 6.013715 5.411646
5.655992 5.521461 5.686975 5.429346 5.602119
5.46806 5.379897 5.733341 6.082219 6.35437
6.122493 6.36647 6.873164 6.342121 6.133398
6.475433 6.25575 6.938284 6.572283 5.433722
5.598422 5.638355 5.497168 6.621406 5.332719
5.463832 5.361292 5.398163 5.384495 5.953243
5.700444 5.451038 5.4161 5.497168 5.46806
5.648974 5.700444 5.509388 5.407172 6.20859
6.228511 6.259581 6.285998 6.626718 6.363028
6.282267 6.74876 6.6995 6.933423 6.44572
6.380123 6.350886 6.401917 6.311735 6.240276
6.542472 6.240276 6.188264 5.961005 6.161207
6.331502 6.520621 6.622736 6.089045 6.224558
6.371612 6.381816 5.902633 5.384495 5.713733
5.480639 5.723585 5.517453 5.63479 5.620401
5.332719 5.488938 5.786897 5.379897 6.416732
6.637258 6.263398 6.408529 6.974479 6.359574
6.276643 6.232448 6.53814 6.131226 6.593045
6.936343 6.704414 5.655992 5.627621 5.488938
5.493061 5.429346 5.433722 5.459586 5.488938
5.590987 5.484797 5.627621 6.787845 6.118097
6.395262 6.455199 6.109248 6.278521 6.298949
6.20859 6.251904 6.188264 6.042633 6.003887
6.59578 6.398595 6.744059 5.398163 5.411646
5.4161 5.713733 5.783825 5.648974 5.891644
5.429346 5.220356 5.609472 5.560682 5.505332
5.370638 6.674561 6.082219 6.188264 6.759255
6.317165 6.480045 6.380123 6.947937 6.736967
6.811244 6.363028 6.391917 6.401917 6.284134
6.745236 6.23637 6.466145 6.234411 6.295266
6.375025 6.610696 6.44889 5.411646 5.476464
5.501258 5.4161 6.347389 5.303305 5.225747
5.493061 5.446737 6.025866 5.872118 5.347108
5.488938 5.488938 5.459586 5.905362 5.484797
5.476464 5.446737 5.313206 6.253829 6.270988
6.342121 6.431331 6.280396 6.315358 6.368187
6.063785 6.621406 6.287859 6.265301 6.111467
6.204558 6.251904 5.575949 5.283204 5.493061
5.438079 5.231109 5.342334 5.433722 5.273
5.659482 5.393628 6.289716 6.025866 6.182085
6.200509 6.452049 6.246107 6.278521 6.249975
6.464588 6.349139 6.285998 6.338594 6.42972
6.421622 6.240276 6.2186 6.2672 6.746412
5.379897 5.442418 5.652489 5.433722 5.411646
5.438079 5.379897 5.267858 5.442418 5.379897
4.663439 5.384495 5.402677 5.347108 5.605802
6.777647 6.244167 6.194405 6.25575 6.498282
6.383507 6.507278 6.624065 6.331502 6.249975
6.837333 6.284134 6.532334 6.276643 6.687109
6.519147 6.46925 6.859615 6.180017 6.44254
6.584791 6.342121 6.59987 6.182085 6.363028
6.311735 6.621406 5.347108 5.347108 5.356586
5.332719 5.308268 5.666427 5.420535 5.42495
5.497168 6.028279 6.428105 5.384495 5.583496
6.214608 6.175867 5.863631 6.135565 6.680855
6.282267 6.375025 6.324359 6.345636 6.089045
6.240276 6.186209 6.562444 7.049255 6.390241
6.579251 6.285998 6.771936 6.489205 5.438079
6.030685 5.420535 5.56452 5.407172
